0
0
0
309
672
689
686
687
681
682
665
659
658
654
652
651
650
652
676
648
642
641
642
641
641
641
641
641
642
642
641
641
641
642
643
643
642
642
643
643
643
643
643
642
643
645
644
644
644
644
644
643
645
645
643
645
644
644
646
644
643
645
644
644
644
643
645
644
646
644
644
645
644
645
644
645
644
644
644
643
643
643
646
644
643
643
644
644
643
644
643
643
642
644
642
642
642
643
643
644
643
642
642
643
642
643
641
643
641
641
642
641
640
641
641
640
640
641
641
639
639
640
640
639
639
640
639
639
640
639
638
638
639
639
638
637
637
637
637
637
637
637
637
637
638
637
637
637
636
636
638
635
635
636
635
635
635
635
637
634
634
634
635
635
635
634
633
633
634
634
633
634
633
632
634
633
632
632
632
633
632
632
633
633
631
631
631
633
630
631
632
631
630
632
632
631
631
630
632
630
630
630
630
629
630
631
630
629
630
629
631
630
629
629
628
630
628
629
628
629
628
629
628
628
629
